44200
129708
28456
69079
103297
67103
90873
147694
105320
134036
155558
158566
14953
100860
59266
50699
136731
116369
65517
56956
51950
109739
105182
121504
33409
138896
34751
158025
86719
8113
138882
87684
69690
143996
50135
108965
92529
26427
130968
110009
5817
40945
69498
48838
162252
15584
112979
73410
51947
103839
5736
71955
44672
105444
20796
101126
132556
99507
65570
59693
104846
77442
70111
125155
102105
55596
100436
43234
127173
141130
63753
6325
136208
140635
115756
122717
13384
148832
141877
45233
5703
127205
104451
97817
56240
134225
160127
67123
119497
160232
124785
90074
100683
63300
14788
143589
33612
93225
38307
137643
94959
36158
133303
82150
67760
24923
10955
85452
118405
158227
94861
76824
38632
83704
51232
136669
22191
140621
2051
84253
119087
27241
150198
1718
87315
96578
147241
91890
150133
31257
111276
111717
85524
125426
79648
70460
100057
119994
141264
108029
110845
104581
37601
51316
160351
132182
104429
52637
81971
159252
154110
2788
49992
127349
145185
89399
150173
103000
53394
133785
164602
117597
15219
18064
143564
30172
141411
73189
13778
155575
39768
36221
45004
85956
28964
117566
106446
27201
4323
63015
1005
20367
96204
1446
13387
83287
138900
164906
143793
64362
19930
162215
113151
93480
46461
26033
43319
55356
32990
80429
87619
126763
86271
11104
52669
106019
146637
44308
64339
123953
86916
15982
46539
82402
12330
78722
129307
94737
134756
2452
97852
9505
31526
154323
146559
267
164361
86156
86250
103183
36483
116021
152303
67304
3452
139651
151511
85359
33083
141520
54784
77709
109565
53309
63077
130183
94600
158009
157381
138791
31809
67065
97421
47802
134009
121019
119389
5424
67891
147127
139221
110272
73595
83221
93701
77044
11949
37184
152850
3372
127148
106281
61002
140019
132612
134076
36183
131599
80142
56944
72919
44674
86066
79519
140375
108896
30024
37906
128302
85764
95286
151699
127574
88360
103410
81399
112328
156560
5751
26895
114025
22966
160811
96344
87918
