locus_ID
27
45
63
118
161
164
169
226
221
359
541
757
656
805
785
860
867
878
897
989
1004
1045
1079
1229
1233
1125
1353
1410
1626
1434
1685
1778
1878
1918
2076
2663
2536
2714
2719
2697
2756
3046
2857
3052
3083
3107
3121
3169
3196
3259
3257
3346
3377
3486
3481
3651
3673
3997
4016
4023
4129
4202
4166
4317
4322
4253
4436
4540
4608
4561
4689
4878
4825
4917
4906
5070
5112
4987
5168
5147
5185
5261
5252
5381
5348
5462
5411
5566
5526
5595
5671
5684
5730
5758
5761
5770
5792
5802
5869
5977
5983
6055
6098
6126
6151
6247
6393
6258
6432
6438
6463
6613
6512
6621
6746
6851
6910
7051
7055
7112
7200
7155
7278
7330
7392
7493
7497
7506
7518
7572
7789
7804
7824
7848
7855
7890
7942
7923
8132
8136
8159
8178
8269
8329
8478
8369
8622
8582
8656
8666
8743
8669
8953
9109
9090
9296
9385
9390
9351
9411
9485
9572
9583
9707
9708
9790
9734
9882
9970
9946
10040
10104
10164
10257
10293
10486
10477
10506
10512
10517
10525
10561
10603
10626
10629
10631
10862
10847
11080
11086
11103
11106
11116
11198
11225
11251
11245
11437
11386
11680
11785
11766
11952
11955
12096
12154
12187
12223
12202
12351
12288
12374
12505
12607
12658
12674
12718
12738
12771
12817
12888
12930
12962
13069
13104
13117
13136
13264
13331
13527
13559
13765
13827
13854
13944
13950
13964
13979
14082
14023
14182
14184
14223
14315
14327
14390
14433
14518
14531
14566
14568
14574
14631
14710
14887
14890
14939
14976
14963
15131
15190
15219
15236
15415
15439
15551
15586
15624
15724
15730
15741
15747
15822
16005
15857
16015
16032
16117
16188
16327
16309
16404
16474
16574
16596
16727
16725
16763
16768
16973
16989
17106
17213
17282
17283
17343
17305
17459
17558
17659
17645
17690
17691
17798
17877
18047
18026
18150
18154
18170
18317
18457
18470
18524
18496
18549
18632
18803
18806
18851
18815
18872
18931
19005
19022
19025
19094
19116
19200
19388
19241
19462
19571
19580
19733
19824
19804
19959
19984
19997
20057
20027
20150
20088
20286
20389
20394
20522
20566
20655
20702
20743
20745
20779
20782
20969
20814
20975
21070
21074
21141
21149
21194
21256
21243
21299
21302
21303
21416
21420
21429
21435
21724
21887
21973
22056
22075
22107
22116
22160
22193
22212
22227
22432
22450
22638
22687
22730
22746
22749
22766
22841
22866
22887
23060
23410
23429
23512
23726
23774
23797
24045
24092
24346
24319
24444
24546
24552
24559
24605
24777
24716
24906
24962
24982
25016
25067
25173
25126
25296
25303
25436
25470
25513
25517
25545
25534
25843
25768
25928
25894
26091
26078
26105
26203
26315
26354
26533
26628
26821
26706
26885
26997
27051
27070
27382
27573
27700
27827
27858
28029
28196
28347
28358
28266
28432
28452
28475
28496
28476
28583
28546
28675
28608
28770
28756
28780
28829
28836
28846
28847
28890
29032
28949
29040
29062
29147
29196
29228
29260
29273
29339
29414
29436
29481
29518
29519
29534
29610
29619
29560
29771
29776
29703
29778
29792
29940
30069
30085
30097
30102
30137
30257
30203
30299
30425
30467
30552
30560
30779
30763
30796
31001
31022
31166
31244
31403
31368
31475
31415
31771
31808
31877
31949
32015
32029
32093
32077
32118
32135
32291
32233
32383
32379
32516
32489
32556
32607
32611
32657
32791
32736
32800
32924
32861
32932
32934
32950
33184
33194
33337
33355
33442
33470
33471
33480
33544
33613
33748
33897
33902
34049
34207
34163
34312
34269
34499
34325
34513
34526
34743
34627
34827
34847
34889
34988
35040
35114
35115
35144
35188
35200
35271
35320
35325
35336
35380
35545
35556
35499
35874
36054
36055
36072
36105
36162
36194
36349
36233
36375
36440
36420
36453
36630
36634
36781
36783
36791
36839
36892
36937
36949
37159
37119
37205
37341
37364
37499
37660
37681
37685
37846
37774
37885
37886
38069
38089
38175
38205
38300
38320
38327
38398
38467
38470
38538
38542
38498
38554
38776
38922
38999
39044
39126
39098
39386
39389
39319
39437
39519
39490
39535
39568
39820
39895
39900
39921
39981
40005
40011
40096
40111
40059
40196
40156
40249
40239
40268
40279
40337
40349
40413
40559
40628
40638
40664
40786
40970
41079
41039
41122
41127
41152
41224
41298
41315
41376
41479
41541
41668
41868
41734
41890
41884
42117
42013
42126
42250
42157
42361
42713
42412
42740
42845
42853
43353
43038
43530
43540
43572
43667
43780
43874
44013
43960
44018
44147
44232
44198
44530
44376
44711
44727
44785
44868
44908
45034
44998
45053
45062
45171
45145
45177
45262
45391
45488
45454
45546
45525
45582
45584
45632
45655
45764
45807
45813
45820
46029
46066
46101
46119
46302
46379
46469
46431
46473
46488
46538
46577
46629
46717
46776
46821
46858
46878
47013
47174
47239
47288
47266
47387
47424
47572
47591
47600
47753
47777
48074
48075
48132
48354
48448
48399
48463
48476
48565
48570
48503
48733
48699
49043
49069
48814
49089
49248
49237
49304
49318
49353
49501
49582
49591
49598
49617
49653
49690
49728
49754
49900
49905
50061
50070
50116
50274
50204
50415
50378
50516
50632
50641
50689
50651
50703
50783
50801
50863
51202
51153
51337
51356
51428
51471
51653
51706
52202
51835
52223
52228
52356
52357
52432
52589
52620
52544
52622
52627
52664
52668
52679
52708
52738
52808
52822
52835
52986
53047
53217
53226
53191
53410
53530
53579
53694
53726
53763
53752
53885
53810
53914
53898
54074
54078
54261
54188
54370
54664
54696
54830
54704
54893
54879
55018
55151
55188
55222
55265
55357
55313
55388
55564
55729
55773
55948
55910
56079
56239
56279
56284
56344
56573
56576
56438
56647
56599
56671
56847
56869
56882
56905
57015
56975
57280
57157
57294
57492
57506
57582
57597
57613
57778
57716
57783
58117
58022
58240
58260
58263
58339
58302
58458
58379
58517
58626
58587
58726
58693
58804
58857
58967
58970
58950
59000
59028
59030
59067
59100
59180
59319
59309
59539
59370
59826
59799
59854
59923
59950
60059
60002
60073
60109
60126
60162
60209
60230
60268
60281
60401
60380
60486
60444
60644
60654
60695
60752
60808
60840
60905
60868
61006
60941
61021
61156
61216
61170
61233
61256
61294
61399
61447
61640
61902
61908
61749
61983
62002
62189
62098
62260
62275
62337
62316
62831
62837
62904
62923
62926
63146
63169
63282
63293
63264
63351
63389
63398
63492
63510
63647
63520
63665
63667
63856
63748
64089
64093
63929
64174
64310
64280
64314
64338
64342
64353
64365
64430
64528
64533
64635
64610
64843
64848
64849
64674
64897
64925
65152
65063
65228
65231
65299
65376
65339
65390
65414
65425
65437
65445
65639
65809
65847
65898
66174
66161
66232
66308
66313
66372
66462
66539
66627
66640
66738
66742
66748
66750
66941
66957
67051
67052
67331
67491
67493
67740
67782
67875
67952
68050
68202
68219
68232
68253
68357
68410
68598
68634
68680
68697
68757
68767
68797
68817
68943
68944
69040
68977
69079
69117
69132
69208
69220
69381
69389
69285
69393
69736
69740
69665
69940
69952
69995
69999
70035
70228
70185
70328
70390
70422
70418
70625
70597
70756
70865
70917
70945
70959
71005
71026
71149
71127
71256
71350
71485
71496
71628
71867
71868
71853
72196
72278
72431
72333
72437
72497
72535
72587
72801
72806
72692
72844
72916
72976
72985
72963
73073
73278
73452
73453
73454
73471
73484
73653
73964
74028
74133
74136
74104
74188
74297
74413
74483
74443
74550
74699
74704
75016
75061
75097
75112
75487
75493
75527
75572
75614
75641
75667
75670
75673
75885
75764
76092
76009
76212
76245
76293
76503
76712
76715
76753
76808
76848
76839
76987
76872
77050
77256
77128
77315
77393
77580
77584
77573
77702
77613
77802
77774
77845
77822
77899
77977
78078
78100
78301
78353
78378
78387
78400
78516
78524
78558
78578
78581
78588
78680
78683
78599
78735
78774
78976
78907
79008
79180
79224
79355
79424
79384
79460
79490
79537
79666
79672
79734
79931
79972
80002
80062
80181
80195
80235
80279
80378
80527
80536
80402
80598
80653
80636
80736
80738
80739
80683
80815
80781
80851
80872
80911
80987
80995
81034
81159
81166
81233
81193
81371
81609
81674
81863
81887
81895
82225
82111
82340
82375
82481
82636
82651
82653
82718
82814
82817
82851
82918
83063
83233
83246
83459
83583
83584
83588
83595
83639
83750
83836
83851
84103
84122
84170
84154
84332
84201
84386
84571
84657
84820
84936
85048
85227
85161
85335
85403
85468
85663
85809
86046
85948
86086
86182
86249
86282
86333
86407
86431
86452
86612
86802
87040
86889
87046
87048
87058
87066
87091
87099
87171
87203
87290
87337
87348
87406
87463
87477
87498
87508
87540
87555
87558
87607
87598
87762
87643
87965
87864
88051
88004
88086
88087
88323
88445
88504
88565
88534
88752
88755
88802
88850
88977
88951
89176
89033
89273
89470
89485
89540
89604
89636
89780
89923
89973
90067
90172
90206
90401
90426
90472
90608
90615
90671
90672
90761
90862
90951
90997
91148
91123
91376
91206
91421
91476
91481
92291
91600
92336
92343
92314
92394
92363
92618
92500
92774
92867
92954
92998
93074
93085
93098
93307
93312
93318
93154
93346
93354
93363
93368
93397
93426
93605
93477
93801
93760
93999
93948
94335
94209
94456
94468
94595
94476
94685
94719
94747
94784
95078
95003
95160
95190
95194
95223
95449
95462
95633
95556
95773
95998
95927
96030
96199
96208
96235
96338
96421
96442
96494
96465
96683
96772
96781
97048
97061
97154
97208
97257
97261
97359
97392
97446
97457
97511
97586
97596
97619
97628
97639
97661
97732
97863
97871
97801
98081
97890
98156
98153
98423
98443
98455
98704
98820
98774
98835
99175
99214
99475
99245
99509
99782
99703
100027
99949
100084
100098
100108
100112
100114
100337
100342
100331
100361
100387
100437
100513
100526
100535
100560
100644
100761
100835
100849
100860
100861
101220
101116
101296
101398
101458
101575
101556
101578
101602
101679
101821
101860
102146
101896
102247
102358
102343
102382
102432
102507
102456
102735
102643
102748
102758
102763
102972
102849
102991
103048
103079
103193
103221
103493
103641
103835
103777
103840
103935
104121
104064
104202
104206
104292
104239
104452
104616
104503
104624
104712
104670
104745
104754
104759
104762
104871
104797
104949
104938
105149
105083
105198
105232
105210
105244
105245
105256
105336
105341
105454
105387
105541
105484
105720
105685
105771
105806
105892
105839
105901
105997
106063
106073
106113
106089
106118
106248
106187
106291
106299
106392
106572
106608
106640
106673
107005
106993
107015
107077
107270
107386
107344
107463
107468
107477
107594
107600
107571
107608
107629
107659
107707
107682
107916
107987
108165
108122
108180
108235
108265
108269
108334
108355
108563
108688
108844
108847
108901
108932
109140
109254
109308
109331
109344
109380
109367
109462
109601
109665
109629
109814
109773
109948
109874
109984
109988
109995
110089
110092
110212
110233
110299
110348
110391
110650
110741
110734
110821
110845
111002
111038
111020
111049
111121
111060
111167
111176
111245
111249
111380
111389
111447
111438
111488
111507
111533
111564
111588
111901
111864
111912
111931
112127
112042
112177
112272
112341
112346
112789
112603
112800
112894
113024
113028
113059
113110
113143
113158
113264
113267
113224
113348
113369
113386
113399
113415
113425
113442
113436
113547
113602
113630
113645
113646
113655
113670
113701
113883
113815
114071
114126
114115
114161
114249
114331
114292
114359
114371
114376
114402
114440
114542
114677
114713
114751
114753
114781
114812
114888
114931
115008
115022
115108
115137
115226
115290
115309
115331
115340
115351
115354
115374
115416
115453
115537
115718
115947
115798
116079
116017
116121
116355
116466
116439
116557
116566
116503
116673
116839
116859
117055
117062
117151
117155
117437
117339
117501
117755
117699
117793
117851
117869
117901
117956
118075
118036
118135
118113
118185
118190
118304
118439
118483
118512
118555
118574
118614
118649
118951
118846
119021
119087
119092
119207
119280
119269
119386
119476
119571
119733
119775
119800
119805
119824
119890
119975
119954
119993
120121
120232
120305
120397
120420
120475
120497
120530
120567
120588
120781
120851
121075
121058
121166
121223
121179
121225
121356
121535
121446
121612
121640
121813
121822
121992
122165
122239
122355
122370
122432
122445
122560
122584
122599
122731
122749
122776
122940
122942
123023
123024
123003
123124
123132
123236
123192
123396
123383
123460
123438
123474
123840
123531
123846
123916
123919
123946
123971
123976
124021
124403
124113
124548
124481
124619
124612
124742
124644
124767
124786
124872
124960
124982
125139
125217
125253
125398
125419
125493
125494
125648
125882
126024
125942
126089
126145
126473
126469
126635
126695
126766
126893
126929
127058
127170
127104
127347
127356
127196
127473
127376
127474
127476
127600
128043
128057
128097
128103
128211
128264
128474
128403
128595
128695
128646
128733
128754
128785
128828
128899
128864
128909
128957
129020
129108
129270
129186
129286
129297
129673
129398
129725
129818
129985
129987
130227
130231
130063
130256
130446
130472
130503
130608
130766
130798
130992
131149
131291
131298
131338
131350
131396
131525
131493
131643
131721
131722
131740
131780
131960
131904
132264
132393
132339
132448
132486
132639
132591
132695
132668
132698
133081
132880
133095
133178
133206
133438
133439
133445
133285
133470
133630
133825
134058
134208
134227
134605
134606
134739
134792
134824
135090
135450
135457
135397
135558
135590
135600
135617
135667
135689
135702
135777
135780
135906
135983
135993
136004
136031
136049
136256
136271
136344
136395
136388
136450
136441
136479
136463
136544
136569
136563
136580
136866
136740
136903
136936
137073
137106
137252
137330
137462
137640
137557
137653
137816
137900
137906
137907
137960
138038
138096
138172
138191
138393
138357
138410
138510
138513
138612
138630
138821
138773
139025
139008
139034
139074
139318
139300
139396
139463
139633
139667
139857
140037
139949
140179
140186
140177
140252
140287
140400
140346
140430
140439
140497
140723
140824
140853
140922
140933
140959
140983
140991
141230
141067
141448
141414
141489
141556
141581
141603
141642
141836
141770
141972
141878
141993
142001
142061
142112
142317
142351
142536
142545
142737
142780
142861
142899
142994
142995
142953
143095
143151
143164
143331
143413
143386
143428
143455
143516
143827
143828
144202
144224
144330
144406
144536
144584
144730
144733
144753
144664
144782
144820
144959
145027
144980
145173
145178
145347
145388
145393
145492
145459
145546
145561
145901
145767
145955
145962
145963
146004
146391
146534
146538
146654
146734
146955
146962
147068
147199
147367
147254
147508
147509
147380
147621
147550
147648
147725
147734
148019
148207
148167
148358
148297
148482
148596
148615
148641
148863
149117
148986
149158
149191
149252
149217
149345
149347
149318
149473
149586
149536
149684
149760
149874
149935
149887
149984
149945
150011
150135
150185
150235
150269
150389
150392
150564
150507
150631
150651
150879
150880
150943
150944
150925
151032
151005
151094
151314
151438
151443
151522
151650
151573
151755
151795
151798
151808
151809
152017
151864
152037
152183
152375
152379
152485
152498
152673
152696
152711
152852
152840
153009
152975
153048
153069
153092
153150
153491
153337
153531
153546
153634
153622
153699
153667
153706
153709
153733
153737
153785
153983
153836
154177
154189
154194
154337
154338
154352
154513
154469
154554
154623
154774
154900
155145
155017
155242
155389
155311
155571
155745
155832
155963
155935
156062
156238
156366
156406
156512
156774
156872
157004
156945
157106
157282
157134
157315
157347
157501
157586
157532
157641
157618
157656
157665
157900
157860
157992
158052
158055
158061
158091
158203
158315
158489
158376
158618
158715
158719
158734
158967
159088
159229
159287
159294
159299
159453
159396
159558
159833
159625
159876
159992
159980
160022
160053
160268
160329
160388
160456
160897
160588
161122
161047
161241
161359
161369
161372
161428
161432
161614
161457
161723
161733
161633
161738
161799
161915
161868
162115
162213
162158
162252
162343
162451
162393
162826
162888
162982
162991
163010
163148
163149
163275
163298
163333
163459
163497
163522
163538
163583
163647
163664
163696
163714
163814
163959
163964
163912
164015
164053
164224
164229
164145
164285
164527
164606
164702
164717
164749
164780
164806
164907
164952
164961
164980
164994
165118
165174
165175
165438
165571
165654
165583
165659
165736
165867
165992
166099
166042
166159
166325
166237
166372
166394
166442
166449
166432
166466
166549
166559
166675
166956
166964
166742
167059
167054
167144
167161
167320
167321
167348
167440
167502
167464
167719
167871
167882
167883
168020
167969
168042
168045
168259
168260
168187
168342
168328
168359
168360
168404
168411
168516
168717
168932
169100
169044
169155
169159
169259
169292
169552
169392
169565
169639
169806
169951
169989
170147
170251
170325
170256
170530
170427
170579
170639
170700
170774
170844
171175
171212
171319
171405
171418
171530
171609
171634
171701
172109
171753
172131
172165
172169
172217
172276
172307
172452
172542
172584
172675
172770
172862
172893
172948
173009
173261
173078
173353
173322
173452
173561
173574
173794
173928
173936
173959
173999
174122
174302
174194
174366
174390
174587
174741
174840
174812
174864
174963
174972
174975
175145
175133
175163
175190
175251
175273
175276
175406
175411
175539
175532
175715
175652
176025
176009
176103
176083
176135
176111
176294
176239
176308
176405
176610
176865
177098
177123
177247
177284
177288
177374
177498
177499
177503
177570
177577
177695
177655
177741
177721
177810
177769
177854
177866
177873
177895
177941
177916
178290
178464
178530
178599
178614
178989
178865
179010
179049
179082
179143
179166
179203
179260
179278
179328
179456
179468
179857
179637
179991
180110
180283
180135
180480
180546
180717
180877
180854
180978
180922
181026
181029
181004
181061
181096
181116
181121
181210
181280
181818
181590
181886
181959
182206
182061
182248
182265
182302
182379
182624
182628
182511
182714
182701
182864
182885
182985
182996
183065
183150
183255
183447
183577
183588
183691
183714
183717
183798
183936
183999
184006
184076
184089
184114
184162
184342
184445
184374
184507
184601
184633
184666
184648
184684
184730
184731
184906
184861
184927
184978
185001
185087
185088
185159
185167
185406
185425
185709
185891
185895
185869
186127
186119
186205
186140
186333
186348
186566
186757
186732
186800
186939
187092
186992
187175
187109
187284
187292
187330
187334
187453
187370
187543
187633
187698
187654
187736
187883
187870
188095
187900
188135
188139
188172
188236
188303
188369
188358
188406
188484
188487
188580
188594
188707
188715
188811
188743
188888
189171
189175
189153
189210
189213
189485
189488
189481
189579
189540
189633
189862
189953
189984
189995
190151
190120
190206
190322
190266
190688
190473
190750
190935
190943
191136
191049
191228
191289
191280
191351
191380
191453
191500
191524
191535
191571
191633
191853
191720
191889
191960
191974
192056
192206
192215
192188
192270
192311
192381
192394
192402
192594
192470
192660
192606
192701
192797
193029
193041
193047
193071
193188
193605
193666
193839
193840
193827
193863
193918
194024
194029
193986
194059
194361
194403
194565
194440
194755
194637
194860
195015
195021
195052
195187
195126
195210
195214
195313
195221
195437
195462
195457
195634
195722
195776
195994
196004
196014
196073
196079
196126
196163
196218
196324
196336
196435
196566
196754
196859
197195
197080
197234
197223
197328
197320
197488
197651
197716
197751
197799
197917
197932
197943
197953
197965
197976
198149
198049
198284
198273
198311
198621
198562
199017
198923
199065
199073
199431
199312
199474
199510
199538
199600
199633
199664
199667
199752
199757
199766
199710
199804
199808
199774
199925
199929
199965
199966
200078
200144
200105
200331
200279
200522
200562
200711
200733
200762
200777
200946
200953
201156
201024
201194
201202
201400
201507
201460
201743
201546
201892
201772
202146
201943
202160
202235
202246
202291
202391
202659
202407
202731
202753
202785
202806
202831
203068
203225
203230
203253
203378
203318
203419
203468
203484
203496
203571
203650
203896
203916
203933
204047
204059
204029
204114
204146
204213
204223
204299
204263
204431
204340
204526
204625
204678
204703
204710
204769
204962
205263
205151
205340
205266
205352
205394
205398
205435
205470
205499
205504
205521
205542
205699
205667
205789
205754
205882
205890
205937
205940
205965
206030
206062
206093
206161
206220
206339
206435
206374
206440
206560
206707
206716
206815
206937
206922
207090
206979
207197
207212
207251
207547
207504
207552
207701
207716
207826
207737
207849
207859
207875
207980
207998
208042
208075
208137
208194
208222
208227
208302
208351
208422
208488
208489
208710
208787
208743
208851
208842
208863
209031
209102
209308
209188
209364
209452
209730
209528
209832
209792
209867
209871
210037
210248
210314
210315
210304
210331
210406
210417
210564
210580
210648
211007
210953
211124
211145
211157
211413
211479
211453
211502
211559
211561
211609
211866
212037
212234
212305
212373
212378
212521
212511
212961
212965
212984
213134
213240
213327
213263
213397
213385
213420
213421
213425
213412
213452
213614
213591
213736
213742
213821
213855
213893
213896
213957
214022
214296
214474
214502
214595
214661
214690
214892
215136
215196
215229
215236
215309
215491
215511
215678
215680
215811
215726
215890
216064
216076
216107
216084
216192
216184
216227
216284
216356
216387
216663
216688
216692
216817
216825
216826
216888
216892
216881
216978
217106
217007
217119
217128
217271
217516
217455
217544
217672
217617
217706
217831
217792
217881
217897
217949
218230
218388
218397
218245
218401
218528
218539
218570
218571
218596
218638
218643
218679
218786
218837
218845
218984
219040
219070
219171
219178
219100
219628
219217
219741
219805
219846
219859
219872
219875
219906
219916
219923
220058
220350
220206
220457
220463
220478
220543
220556
220626
220644
220757
220773
220800
220832
220847
220968
221088
221229
221231
221269
221409
221415
221422
221626
221632
221497
221987
221992
222083
222051
222230
222326
222371
222450
222421
222486
222603
222693
222659
222741
222901
222934
222987
223050
223242
223138
223255
223358
223372
223502
223397
223616
223622
223634
223652
223653
223719
223804
223841
224032
224170
224294
224371
224362
224413
224686
224778
224714
224992
224915
225046
225093
225150
225239
225265
225473
225404
225488
225568
225578
225598
225748
225689
225886
225943
226036
226037
226110
226065
226132
226177
226387
226246
226461
226445
226659
226634
226711
226775
226822
226921
226935
226977
227068
227138
227142
227201
227193
227282
227329
227605
227711
227726
227729
227743
227801
227960
227962
228044
228003
228132
228311
228391
228495
228645
228670
228680
228706
228711
228777
228781
228972
228811
229220
229221
229296
229337
229377
229600
229693
229947
230050
230065
230115
230123
230184
230218
230358
230369
230458
230460
230470
230651
230666
230669
231093
231097
231106
231182
231187
231337
231454
231418
231471
231565
231547
231681
231831
231834
231930
231853
232013
232028
232042
232082
232281
232131
232378
232356
232461
232754
232746
232764
232814
232796
232946
232917
232976
233048
233112
233087
233175
233216
233397
233421
233430
233475
233484
233505
233509
233818
234020
234039
234073
234076
234221
234226
234242
234275
234346
234395
234455
234480
234564
234538
234586
234578
234690
234703
234823
234849
234865
234931
234905
235091
235045
235157
235256
235652
235690
235831
235925
235982
236162
236250
236214
236276
236301
236338
236481
236383
236523
236635
236646
236719
236735
236819
236779
236897
236875
236934
237070
236977
237157
237257
237384
237334
237441
237530
237570
237579
237620
237592
237689
237695
237704
237745
237757
237761
237763
237786
237813
238167
238184
238410
238502
238510
238592
238741
238699
238778
238802
238847
238947
238958
239062
239209
239399
239391
239466
239618
239635
239666
239712
239732
239741
239772
239790
239888
239816
239912
239931
239958
240027
240111
240244
240292
240294
240366
240379
240382
240393
240437
240486
240475
240523
240718
240570
240733
240799
240801
240828
240812
240929
240904
241001
240993
241162
241018
241243
241303
241390
241510
241489
241563
241710
241746
241816
241830
241873
241927
241964
242085
242027
242098
242122
242134
242182
242168
242354
242328
242483
242457
242737
242796
242962
242848
243074
243136
243213
243170
243349
243398
243494
243736
243689
243763
243838
244044
244198
244082
244332
244348
244565
244395
244620
244632
244898
244882
244904
244934
244936
244976
244988
245027
245088
245111
245174
245395
245432
245433
245494
245590
245633
245824
245884
246079
246307
246357
246365
246476
246461
246544
246560
246694
246815
246884
246847
246892
246917
247045
247183
247227
247327
247331
247369
247387
247416
247449
247561
247549
247569
247570
247698
247717
247718
247951
247865
248185
247977
248217
248228
248392
248313
248436
248675
248643
248754
248858
248865
248876
248880
249149
249506
249322
249562
249541
249863
249765
249902
250051
250198
250125
250274
250319
250374
250497
250709
250793
250803
250883
250834
251138
250941
251162
251217
251324
251485
251612
251857
251815
251931
252135
252070
252216
252308
252468
252473
252500
252518
252598
252565
252825
252673
252877
252869
252937
252940
252945
253065
253009
253109
253096
253177
253427
253315
253451
253561
253622
253873
253818
253919
253926
253875
253949
254060
254125
254163
254329
254333
254251
254502
254367
254557
254586
254551
254595
254605
254626
254637
254915
254765
254950
255062
255066
255168
255116
255178
255316
255319
255279
255384
255459
255471
255517
255518
255531
255714
255784
255804
255808
255948
256030
256176
256233
256261
256321
256438
256452
256696
256724
256820
256841
257083
257103
257114
257232
257242
257245
257362
257433
257456
257486
257492
257609
257610
257617
257664
257744
257959
257965
258094
258664
258665
258833
258788
258917
258858
259071
259092
259097
259327
259400
259626
259645
259681
259803
259832
260010
259978
260094
260095
260225
260226
260405
260297
260453
260487
260506
260521
260546
260567
260587
260705
260768
260777
260798
260866
260831
260969
260943
261038
261033
261301
261413
261617
261506
261692
261644
261813
261822
261860
261866
261867
261996
262368
262585
262610
262681
262865
262789
262909
263063
263101
263162
263181
263454
263301
263475
263482
263544
263978
264053
264125
264218
264254
264293
264294
264458
264622
264605
264727
264987
265071
265047
265203
265249
265310
265298
265329
265323
265367
265372
265387
265573
265684
265686
265717
265916
266077
266042
266116
266177
266452
266310
266564
266597
266729
266730
266717
266843
266847
266879
266959
267107
267149
267150
267173
267187
267235
267350
267409
267419
267430
267477
267605
267726
267728
267805
267850
267862
267907
267932
268185
268211
268552
268580
268627
268680
268669
268745
268746
268751
268891
268894
268828
268992
269171
269075
269268
269298
269490
269423
269602
269531
269772
269779
269785
269862
269871
269940
269880
270072
270075
270023
270086
270122
270294
270311
270349
270419
270705
270715
270806
270845
270850
271068
271105
271286
271294
271302
271323
271408
271435
271477
271557
271506
271618
271626
271665
271923
271976
271986
272175
272153
272183
272211
272246
272321
272328
272392
272421
272564
272695
272702
272759
272725
272794
273019
273160
273120
273184
273253
273361
273363
273364
273376
273397
273485
273543
273554
273624
273629
273584
273726
273703
273796
273855
273871
274085
273910
274200
274321
274705
274403
274721
274741
274998
275084
275115
275135
275136
275140
275142
275163
275165
275185
275212
275228
275234
275396
275249
275502
275434
275516
275536
275581
275583
275663
275855
275875
275999
276098
276172
276311
276499
276500
276579
276700
276721
276802
276783
276886
277024
277163
277230
277244
277247
277267
277311
277458
277473
277758
277591
277870
277980
277953
278095
278098
278043
278192
278118
278745
278718
278821
278776
278847
278904
278919
278946
279145
279102
279268
279293
279303
279469
279617
279659
279661
279901
279912
279975
279979
280039
280098
280104
280105
280107
280378
280388
280429
280402
280445
280457
280470
280500
280594
280796
280838
281024
281037
281342
281422
281427
281434
281469
281489
281507
281513
281520
281568
281584
281676
281698
281793
281747
281859
281865
281942
281965
282067
282252
282257
282323
282520
282442
282536
282547
282556
282585
282639
282668
282691
282697
282717
282752
282756
282874
282792
282917
282921
283039
283336
283217
283411
283421
283527
283478
283717
283557
283734
283847
283873
283876
283958
283979
284020
284066
284230
284170
284243
284324
284345
284550
284596
284560
284696
284799
284942
284989
285098
285057
285200
285212
285493
285342
285624
285569
285686
285882
285922
285936
285941
286033
286071
286144
286230
286309
286628
286668
286690
286677
286705
286745
286931
286812
287017
287089
287154
287331
287531
287429
287692
287704
287578
287764
287793
287821
287824
287831
287850
287876
287955
287953
288046
288061
288118
288122
288174
288216
288271
288260
288384
288424
288635
288679
288727
288768
288872
288930
288960
289120
289151
289225
289165
289399
289645
289648
289900
290066
290143
290146
290157
290171
290195
290266
290299
290376
290637
290563
290660
290802
290694
290810
290825
291013
291020
290873
291137
291140
291185
291198
291346
291314
291404
291405
291521
291413
291563
291588
291612
291798
291851
291861
291898
291899
291977
291948
292089
292057
292106
292114
292189
292220
292256
292306
292356
292376
292390
292502
292416
292627
292730
292696
292783
292856
292939
292972
293116
293045
293159
293145
293425
293435
293491
293538
293739
293746
293841
293858
293866
293887
293948
293952
294152
294217
294228
294261
294294
294543
294597
294589
294695
294650
294706
294776
294911
295003
295008
295190
295570
295575
295618
295613
295880
295726
295933
295956
295960
295967
296153
296032
296259
296260
296265
296236
296415
296364
296418
296504
296630
296634
296592
296644
296677
296978
297163
297282
297248
297386
297310
297585
297603
297689
297714
297724
297792
297947
297870
298053
298042
298083
298069
298160
298200
298631
298635
298618
298668
298729
298730
298706
298758
298804
298922
299087
299367
299215
299413
299396
299467
299506
299517
299617
299637
299666
299694
299772
299852
300011
299898
300130
300104
300167
300178
300224
300380
300511
300597
300621
300723
300794
300805
300993
301159
301125
301253
301268
301270
301337
301301
301433
301398
301537
301565
301623
301692
301797
301866
302145
302148
302195
302239
302247
302245
302287
302314
302566
302580
302665
302674
302725
302733
302798
302812
302827
302836
303174
303323
303387
303405
303615
303639
303654
303725
303733
303767
303844
303891
303900
303904
303959
304014
304079
304085
304282
304375
304444
304651
304663
304702
304826
304954
304997
305036
305042
305117
305183
305732
305391
305782
305757
305801
305870
305938
305942
305947
305986
305999
306048
306064
306216
306318
306459
306390
306773
306492
306855
306958
306968
307007
307011
307044
307155
307168
307354
307411
307415
307589
307444
307692
307720
307770
307879
308057
308108
308352
308356
308379
308467
308474
308508
308563
308586
308635
308683
308706
308880
308720
308913
309053
308958
309163
309216
309234
309265
309299
309317
309380
309618
309627
309698
309723
309807
309810
310067
309853
310237
310588
310426
310829
310907
310912
310931
311227
310981
311313
311251
311377
311599
311657
311677
311789
311793
311839
311852
311886
311896
311904
311930
312406
312416
312429
312482
312514
312522
312619
312635
312739
312646
312848
312893
312983
312969
313194
313254
313282
313315
313413
313574
313590
313612
313828
313895
313916
313929
313944
314006
313970
314074
314088
314317
314653
314548
314684
314739
314880
314963
315043
315166
315300
315539
315542
315635
315644
315617
315698
316020
315935
316080
316083
316108
316295
316278
316477
316560
316594
316606
316613
316647
316658
316726
316734
317028
316930
317149
317188
317192
317193
317290
317276
317346
317348
317339
317506
317544
317792
317728
317839
318055
318202
318225
318292
318244
318454
318349
318505
318652
318627
318711
318738
318782
318794
318798
319027
319117
319233
319354
319422
319426
319448
319591
319508
319595
319617
319722
319822
319828
319978
320083
320116
320139
320159
320155
320192
320203
320369
320379
320537
320497
320579
320581
320766
320900
320861
321122
321128
321136
321155
321156
321286
321239
321471
321496
321618
321622
321853
321696
322025
322270
322272
322529
322652
323299
323107
323464
323521
323522
323753
323600
323772
323860
324073
324077
324241
324130
324361
324407
324427
324436
324499
324554
324606
324788
324802
324896
324897
325002
325371
325396
325589
325606
325650
325728
325824
326141
326285
326258
326358
326349
326431
326449
326527
326534
326543
326731
326652
326904
326917
326968
326974
327019
327219
327282
327303
327391
327524
327527
327892
327749
327953
328259
328202
328319
328327
328408
328405
328414
328445
328745
328721
329016
329062
329159
329176
329427
329428
329403
329445
329451
329467
329603
329617
329652
329665
329712
329715
329914
329823
330043
330000
330141
330142
330234
330334
330360
330503
330709
330580
330723
330799
331054
331025
331146
331513
331532
331556
331768
331841
331872
332023
332036
332104
332078
332181
332187
332434
332488
332535
332645
332660
332617
332699
332683
332817
332806
333008
333014
333078
333036
333132
333153
333258
333358
333378
333595
333717
333658
333727
333793
333827
333857
333873
333976
334001
334034
334072
334229
334109
334453
334583
334534
334759
334642
334837
334887
334897
335171
334988
335298
335324
335519
335473
335761
335847
335958
336004
336242
336298
336301
336311
336482
336844
336835
336852
336993
337047
337019
337097
337552
337415
337596
337725
337843
337899
337968
338040
338047
338110
338120
338161
338181
338209
338263
338450
338462
338597
338624
338628
338712
338807
338899
338902
338929
339008
339087
339091
339108
339153
339286
339252
339340
339346
339417
339674
339708
340012
339939
340057
340162
340182
340370
340541
340447
340574
340575
340632
340616
340648
340741
341044
341022
341137
341254
341159
341268
341393
341536
341540
341544
341602
341757
341698
341910
341913
342001
341948
342033
342108
342124
342306
342318
342561
342467
342595
342896
342868
342928
342907
342941
342998
343146
343009
343236
343403
343602
343723
343745
343742
343813
343841
343890
343986
344066
344286
344157
344367
344322
344377
344470
344435
344492
344520
344721
344911
344905
345222
345002
345461
345399
345595
345627
345813
345767
345864
345843
345988
346026
346277
346303
346387
346391
346452
346463
346521
346528
346631
346748
346805
346807
346979
347065
347138
347121
347179
347206
347491
347496
347255
347620
347604
347635
347645
347667
347677
347707
347725
347775
347914
348272
348281
347980
348381
348453
348473
348631
348713
348845
348872
348965
349014
349034
349075
349269
349284
349362
349427
349435
349483
349454
349604
349629
349787
349729
349906
349967
350003
350048
350134
350144
350344
350483
350454
350521
350543
350741
350974
350796
351064
351414
351361
351462
351599
351756
351805
351865
352122
351946
352387
352296
352483
352665
352819
352813
353022
353299
353360
353622
353555
353643
353657
353863
353881
353962
354015
354033
354089
354135
354154
354336
354346
354454
354504
354497
354586
354718
354742
354761
354971
354988
355027
355080
355074
355436
355425
355473
355476
355496
355613
355656
355696
355737
355785
355758
355794
355816
355832
355859
355895
355986
356060
356096
356127
356166
356246
356215
356304
356681
356693
356717
356735
356828
356968
357025
357042
357089
357267
357428
357484
357567
357681
357711
357909
357934
358111
358073
358209
358196
358317
358320
358374
358435
358650
358656
358639
358694
358798
358740
358915
358823
358945
359032
359152
359265
359396
359466
359548
359531
359591
359748
359749
359754
359855
359843
359955
359919
359964
359967
359976
359977
360082
360050
360118
360137
360254
360259
360427
360330
360485
360577
360545
360643
360702
360752
360778
360834
360952
361158
361159
361383
361482
361594
361565
361613
361618
361875
361876
361894
361946
362010
362036
362170
362194
362166
362254
362340
362360
362456
362556
362553
362690
362858
362948
363013
363133
363117
363166
363170
363208
363244
363301
363439
363443
363770
364046
364162
364167
364913
365006
364988
365074
365047
365440
365372
365492
365553
365585
365600
365761
365861
365989
365904
366026
366097
366143
366149
366260
366184
366320
366303
366326
366389
366406
366576
366716
366870
367002
366881
367100
367049
367321
367332
367333
367545
367761
367731
367796
367808
367872
367837
367994
367962
368042
368048
368079
368117
368141
368266
368323
368347
368390
368599
368642
368623
368742
368688
368852
368880
368889
368987
369136
369145
369171
369268
369392
369485
369514
369518
369695
369855
369911
369991
370276
370299
370651
370900
370774
370932
371112
371068
371179
371223
371243
371318
371353
371362
371395
371427
371443
371553
371643
371836
371867
371956
372140
371998
372213
372157
372307
372333
372484
372549
372715
372604
372772
372732
372932
373021
373214
373057
373233
373356
373530
373534
373509
373588
373592
373688
373627
373708
373770
373864
373871
373928
373949
373942
373983
374048
374175
374313
374305
374493
374519
374502
374604
374645
374648
374747
374691
374765
374769
374911
375098
375086
375140
375172
375232
375194
375728
375784
375866
375992
376012
376016
376049
376058
376077
376174
376183
376199
376295
376332
376410
376581
376616
376672
376774
376820
376826
376828
376859
376864
377000
377093
377200
377205
377272
377475
377520
377557
377597
377602
377698
377646
377875
377879
378375
378071
378688
378643
378721
378808
378888
379032
379128
379217
379222
379421
379346
379457
379710
379692
379748
379796
379858
379968
379957
380089
380209
380275
380320
380580
380369
380691
380732
380762
380797
380859
380916
381073
381000
381104
381108
381117
381248
381251
381400
381449
381463
381472
381495
381621
381509
381740
381730
381757
381807
381948
382125
381971
382191
382215
382309
382344
382365
382486
382549
382683
382692
382902
383074
383221
383264
383370
383508
383602
383632
383870
383873
383931
384101
384144
384172
384333
384354
384367
384381
384558
384563
384519
384613
384639
384744
384683
384773
384819
384904
384908
385028
385026
385070
385107
385244
385151
385248
385306
385280
385384
385398
385443
385431
385465
385481
385524
385553
385666
385670
385714
385721
385982
386147
386159
386220
386410
386415
386430
386596
386626
386634
386904
387009
387013
387108
387269
387275
387160
387610
387602
387670
387777
387760
387901
387902
387882
387953
388092
388076
388093
388154
388176
388189
388204
388231
388257
388266
388353
388491
388377
388582
388787
388771
388856
388927
388960
389100
389137
389257
389297
389300
389337
389453
389501
389573
389534
389658
389661
389611
389821
389858
389984
390027
390172
390187
390255
390333
390297
390455
390512
390687
390650
390762
390896
390848
391045
391031
391463
391481
391558
391574
391620
391701
391773
391774
391777
391853
391850
392043
392137
392238
392176
392249
392663
392665
392500
392764
392768
392791
392821
392840
392937
392938
393099
393100
393412
393439
393532
393688
393718
393731
393739
393746
393750
393767
393890
394088
394035
394101
394108
394314
394400
394369
394480
394510
394776
394647
395060
394980
395101
395075
395119
395193
395194
395357
395407
395412
395508
395515
395618
395652
395654
395820
396161
396063
396305
396416
396385
396612
396546
396634
396739
396751
397208
396877
397299
397373
397391
397416
397433
397580
397622
397596
397630
397682
397791
397739
397920
397921
397936
398072
398089
398158
398176
398331
398305
398388
398384
398438
398531
398628
398598
398654
398666
398674
398995
399000
399097
399084
399144
399323
399628
399667
399770
399790
399793
399842
399952
399953
400035
399974
400145
400141
400501
400519
400642
400678
400685
400766
401003
401015
401151
401056
401194
401173
401353
401289
401392
401382
401404
401428
401569
401529
401703
401720
402035
402038
402001
402195
402065
402218
402364
402369
402390
402471
402539
402517
402567
402673
402686
402874
402805
402956
402920
403000
403080
403137
403210
403185
403367
403288
403480
403436
403555
403617
403624
403635
403790
403818
403821
403865
403876
403892
403939
404019
404158
404221
404188
404284
404378
404383
404552
404575
404842
405107
405093
405166
405187
405193
405227
405328
405357
405436
405452
405582
405564
405609
405740
405812
405773
405831
405915
405925
405976
405980
406050
406052
406112
406278
406255
406297
406345
406357
406555
406484
406586
406654
406680
406730
406790
406772
406806
407061
407066
407180
407201
407302
407307
407318
407525
407545
407738
407774
407900
407842
407959
407954
408010
407977
408116
408074
408148
408175
408224
408202
408522
408600
408711
408693
408737
408755
408787
408814
408818
409022
409209
409309
409322
409337
409355
409471
409480
409917
409933
409941
409951
410093
410112
410179
410193
410458
410284
410741
410818
410835
410855
410865
410902
410945
411000
410971
411132
411319
411334
411418
411378
411439
411694
411518
411809
411858
411978
412159
412327
412348
412361
412491
412571
412535
412604
412582
412653
412863
412884
413012
412986
413084
413045
413256
413168
413412
413369
413432
413446
413580
413559
413617
413705
413741
413823
413837
413977
413994
414078
414085
414114
414152
414271
414304
414348
414712
414721
414908
414912
414923
414945
414948
415020
415085
415264
415116
415372
415429
415707
415720
415777
415881
415806
416002
416007
416016
416240
416344
416611
416623
416626
416739
416742
416850
416859
416888
416924
416965
416993
417021
417124
417126
417382
417160
417398
417464
417521
417634
417547
417649
417796
417774
417814
418202
418229
418310
418382
418389
418491
418501
418551
418526
418798
418888
418956
418928
419051
418977
419079
419160
419631
419632
419813
419934
419998
420174
420242
420365
420378
420538
420747
420593
420999
420988
421076
421032
421139
421145
421159
421198
421267
421256
421302
421554
421532
421569
421598
421625
421628
421684
421694
421823
421933
421938
421881
422016
422017
422036
422059
422094
422118
422119
422145
422525
422551
422697
422811
422913
422969
422938
423010
423030
423049
423073
423313
423189
423346
423328
423392
423416
423806
423810
423527
423896
423852
423905
424003
424007
424030
424119
424133
424165
424202
424235
424231
424490
424400
424655
424666
424743
424922
425140
425475
425173
425522
425523
425529
425659
425544
425700
425703
426235
426115
426242
426322
426384
426518
426443
426540
426573
426617
426761
426835
426915
426967
426998
427062
427083
427142
427143
427229
427235
427263
427434
427280
427495
427531
427583
427752
427940
427950
427955
428028
428095
428110
428137
428140
428281
428326
428390
428612
428589
428660
428729
428925
428936
429416
429466
429452
429492
429571
429706
429653
429774
429749
429789
429798
429799
429871
429893
429965
430024
430027
430571
430619
430655
430681
430716
430725
430868
430959
431011
431053
431149
431245
431327
431293
431506
431627
431636
431654
431699
431972
432039
432041
432062
432284
432303
432316
432425
432432
432562
432448
432564
432624
432635
432658
432760
432906
432936
432949
433073
433024
433089
433223
433215
433241
433266
433308
433348
433332
433576
433765
433674
433797
433850
433886
433934
433959
434132
434147
434113
434179
434308
434361
434380
434488
434555
434672
434660
434748
434770
434849
434791
434917
434891
434932
434980
434963
434992
435020
435033
435055
435254
435164
435729
435731
435763
435784
435908
435828
436141
436221
436225
436238
436273
436299
436399
436408
436443
436492
436513
436523
436566
436584
436635
436734
436696
436935
437010
437154
437155
437061
437332
437338
437491
437641
437659
437801
437830
437963
437930
438079
438046
438118
438121
438191
438210
438319
438342
438364
438374
438376
438447
438409
438451
438551
438593
438594
438701
438711
438723
438796
438799
438753
438900
438850
438905
438926
438967
439196
439102
439325
439452
439497
439505
439544
439550
439675
439622
439775
439780
439965
439933
440115
440071
440118
440181
440247
440198
440355
440335
440446
440633
440640
440748
440836
440978
440860
441024
441083
441150
441542
441376
441725
441729
441653
441750
441755
441889
441911
441930
442062
442027
442081
442141
442274
442341
442346
442335
442479
442574
442587
442601
442665
442833
442695
442883
442898
442907
442912
443000
443165
443090
443225
443258
443385
443576
443683
443711
443936
443943
443826
443984
444023
444226
444039
444273
444275
444276
444346
444287
444434
444867
444838
445094
445059
445124
445167
445225
445233
445416
445338
445573
445443
445773
445948
445870
446063
446045
446071
446112
446262
446165
446372
446427
446439
446701
446745
446798
446967
446940
447071
447094
447183
447137
447262
447282
447322
447304
447513
447542
447588
447701
447810
447818
447840
447966
447958
448038
448075
448239
448356
448326
448362
448373
448386
448416
448543
448455
448669
448810
448845
448846
448849
448843
448941
448956
449243
449290
449584
449596
449678
449688
450033
449806
450041
450042
450129
450135
450259
450156
450307
450316
450360
450401
450472
450569
450585
450703
450745
450712
450803
450807
450811
450888
450891
450918
451035
451153
451258
451374
451420
451437
451531
451564
451687
451705
451715
452002
451913
452067
452089
452238
452260
452336
452440
452636
452738
452781
452786
453053
453062
453341
453105
453398
453421
453533
453547
453814
453763
453915
454001
454069
454019
454306
454188
454417
454420
454448
454589
454715
454827
455075
455165
455220
455223
455370
455384
455534
455491
455557
455579
455592
455597
455598
455651
455612
455666
455728
455782
455816
455971
456010
456045
456174
456064
456213
456373
456437
456556
457049
456596
457066
457076
457388
457573
457628
457816
457806
457866
457988
458053
458081
458116
458120
458166
458210
458356
458375
458396
458676
458723
458952
459034
459038
459172
459072
459308
459221
459442
459702
459519
459813
459739
459854
459877
459909
459950
460004
460014
460031
460053
460055
460072
460242
460289
460290
460298
460385
460443
460715
460782
460816
460865
460879
460937
461287
461172
461385
461340
461404
461422
461473
461685
461587
461728
461930
461990
461999
462014
462152
462135
462213
462334
462318
462577
462601
462784
462804
462847
462833
462920
462927
462935
462936
463104
463105
463364
463212
463433
463408
463679
463448
463686
463724
463766
463779
463807
463877
463946
463965
464020
464075
464181
464142
464226
464320
464417
464452
464454
464508
464494
464556
464834
464800
464913
464878
465025
464956
465278
465285
465363
465326
465435
465535
465633
465637
465678
465822
466077
466149
466175
466255
466235
466300
466409
466448
466602
466562
466697
466707
466885
467082
467101
467129
467245
467292
467355
467300
467360
467440
467442
467497
467471
467504
467638
468250
468005
468325
468359
468442
468478
468633
468639
468652
468656
468694
468709
468729
468731
468771
468908
468963
469347
469319
469462
469509
469552
469611
469635
469701
469984
469917
469996
470383
470353
470431
470779
470827
470907
470945
470957
471365
471366
471505
471630
471728
471856
471953
472150
472319
472243
472362
472366
472396
472509
472520
472751
472722
472798
473001
473135
473362
473367
473881
473834
473921
474105
474143
474351
474338
474507
474624
474682
474813
474814
474843
474854
474874
474902
474952
474960
475049
475079
475163
475169
475176
475170
475391
475337
475787
475806
475910
476084
476150
476121
476154
476173
476336
476190
476353
476514
476452
476795
476869
477373
477283
477547
477781
477654
477830
477948
477964
477992
478010
478177
478188
478113
478220
478272
478316
478581
478790
478959
479154
479029
479160
479164
479257
479348
479304
479381
479387
479590
479413
479611
479695
479720
479863
479925
479902
480003
480062
480120
480249
480149
480428
480431
480378
480639
480523
480771
480660
480794
480983
480915
481072
481052
481219
481318
481364
481346
481449
481464
481561
481589
481606
481670
481743
481708
481758
481772
481945
481810
482015
482094
482337
482421
482539
482578
482751
482694
482790
482779
483174
483129
483183
483244
483585
483586
483411
483591
483597
483682
483697
483795
483847
484125
484128
484101
484170
484190
484409
484212
484501
484708
484823
484863
485018
484993
485034
485042
485052
485169
485264
485281
485381
485466
485559
485517
485913
485933
486009
486037
486092
486093
486119
486174
486142
486416
486472
486442
486599
486661
486667
486668
486748
486699
486757
486778
486785
486897
487112
487134
487177
487179
487241
487362
487318
487394
487507
487538
487641
487665
487744
487687
487887
487926
487931
488011
488123
488196
488328
488398
488450
488454
488597
488755
488743
488764
488776
488887
488906
489019
488930
489190
489148
489223
489274
489355
489280
489362
489425
489443
489450
489534
489637
489686
489713
489923
490235
490443
490559
490584
490671
490768
490924
491055
491023
491068
491103
491136
491143
491176
491234
491284
491354
491445
491466
491484
491709
491578
491797
491843
491852
491906
491918
492051
492178
492352
492358
492474
492543
492509
492563
492568
492593
492611
492808
492682
493121
493024
493171
493223
493249
493289
493434
493509
493714
493967
494024
494151
494156
494082
494392
494250
494533
494424
494605
494633
494661
494697
494706
494796
494812
494930
494949
495189
495194
495387
495428
495454
495448
495466
495586
495504
495608
495702
495786
495802
495808
495826
495956
496085
496098
496104
496113
496195
496277
496354
496322
496641
496423
496652
496713
496750
497050
496780
497178
497182
497220
497217
497245
497267
497278
497338
497350
497486
497487
497401
497651
497608
497673
497717
497757
497843
497848
497853
497862
498097
497917
498357
498404
498497
498575
498632
498638
498791
498710
499031
498982
499056
499100
499166
499431
499627
499636
499726
499846
499989
499974
500050
500134
500076
500275
500286
500384
500388
500571
500576
500579
500610
500904
501004
501014
501070
501199
501321
501362
501418
501512
501660
501680
501725
501703
501785
501849
501863
501877
501898
501929
502069
502122
502209
502269
502234
502305
502313
502416
502453
502663
502876
503262
503338
503453
503360
503685
503784
503812
503868
503962
504038
504143
504171
504298
504433
504476
504479
504549
504627
504635
504652
504663
504695
504722
504771
504775
504781
504816
504827
504880
504861
504943
505060
505348
505355
505638
505643
505751
505914
505952
506108
506193
506125
506286
506253
506302
506325
506329
506372
506433
506464
506525
506528
506584
506652
506730
506957
506958
506853
506991
507266
507248
507393
507396
507600
507639
507667
507691
507697
507786
507721
507825
507826
507942
507996
508236
508121
508458
508792
508704
508944
508841
509096
509019
509333
509265
509377
509380
509383
509556
509535
509603
509723
509719
509982
509742
510119
510219
510173
510283
510519
510481
510709
510700
510774
510931
510909
510973
510996
511141
511134
511482
511464
511503
511601
511672
511644
511811
511928
511930
511897
511955
511990
512003
512146
512077
512300
512302
512170
512340
512383
512477
512467
512658
512607
512714
512733
512748
512799
512835
512998
513027
513231
513333
513258
513391
513426
513569
513571
513584
513699
513654
513778
513937
514121
514021
514247
514196
514296
514383
514386
514398
514564
514532
514669
514633
514744
514828
514840
514869
515025
514948
515169
515182
515185
515302
515370
515430
515477
515501
515572
515523
515593
515846
515685
515906
515926
515990
516013
516020
516066
516084
516103
516165
516227
516332
516340
516342
516343
516426
516447
516606
516498
516687
516682
516703
516715
516860
516775
516896
516898
516910
517027
517009
517135
517040
517226
517147
517249
517585
517602
517742
517794
517826
517827
517963
518023
518073
518129
518214
518324
518407
518416
518445
518631
518538
518851
518825
518893
519102
519110
519191
519317
519437
519460
519461
519541
519726
519741
519742
519770
520012
519935
520213
520215
520316
520238
520408
520366
520417
520553
520516
520576
520681
520780
520829
520821
520913
520940
520990
521095
521098
521053
521242
521150
521309
521479
521607
521627
521631
521738
521741
521836
521817
521986
522329
522112
522355
522478
522479
522602
522569
522803
522830
522936
523108
523302
523430
523431
523573
523579
523591
523661
523650
523726
523730
523767
523789
523873
523990
523969
524033
524205
524386
524289
524411
524410
524444
524507
524630
524703
524782
524900
524874
524981
525032
525100
525195
525263
525292
525400
525404
525412
525465
525444
525656
525523
525756
525745
525872
526032
526101
526303
526330
526414
526398
526485
526586
526579
526920
527095
527148
527119
527168
527179
527188
527481
527412
527661
527663
527494
527739
527679
527746
527786
527867
527857
527985
527883
528155
528220
528233
528242
528248
528330
528466
528574
528592
528699
528941
528990
529143
529139
529236
529331
529361
529379
529477
529384
529524
529585
529727
529927
530053
529978
530154
530175
530301
530352
530353
530361
530467
530455
530528
530495
530722
530564
530789
530843
530853
530869
530984
530975
531448
531029
531502
531516
531603
531684
531799
531917
531949
532023
532147
532239
532348
532670
532677
532839
532804
533116
533072
533249
533184
533351
533317
533517
533469
533563
533620
533594
533844
533873
533962
533997
534012
534018
534070
534116
534401
534286
534562
534513
534656
534686
534777
534800
534838
534849
534884
534890
534948
534905
534959
534969
535236
535237
535256
535310
535409
535377
535414
535515
535579
535725
535922
536037
536050
536088
536071
536164
536147
536236
536204
536327
536299
536346
536347
536350
536365
536438
536457
536587
536609
536622
536900
536940
536946
537088
536967
537127
537213
537419
537358
537428
537490
537535
537543
537641
538061
538020
538100
538169
538407
538576
538593
538915
538685
538977
538936
539002
538991
539073
539083
539386
539476
539461
539570
539749
539939
539964
539968
539977
539987
540027
540064
540091
540096
540179
540258
540268
540398
540424
540484
540494
540608
540697
540703
540748
540780
540784
540820
540826
540794
540854
541038
541082
541172
541190
541219
541280
541320
541484
541823
541862
541920
541951
541944
542120
542123
542158
542170
542174
542182
542323
542251
542444
542430
542566
542689
542762
542868
542900
542987
543128
543095
543157
543246
543223
543398
543425
543700
543619
543857
543862
543863
543876
544015
544021
543980
544093
544074
544173
544121
544186
544227
544258
544373
544282
544410
544432
544534
544621
544614
544874
544882
545085
545074
545101
545160
545346
545411
545439
545488
545557
545511
545673
545860
545792
546050
546015
546080
546337
546200
546343
546419
546520
546599
546682
546737
546915
546916
546753
547014
547036
547306
547286
547322
547415
547438
547565
547598
547674
547854
547822
547940
547953
547977
548140
548199
548238
548242
548243
548346
548396
548403
548440
548450
548561
548569
548691
548695
548611
548737
548832
548976
548852
549039
549079
549153
549288
549311
549329
549441
549457
549518
549523
549583
549697
549714
550094
549955
550270
550243
550379
550702
550713
550765
550807
550909
550902
550941
550954
551001
551023
551032
551043
551192
551282
551228
551350
551357
551374
551427
551396
551473
551547
551548
551694
551750
551777
551929
551946
551967
552204
551998
552301
552325
552385
552394
552488
552726
552727
552876
552798
552918
553097
553113
553290
553343
553420
553497
553501
553529
553532
553650
553687
553795
553782
553877
553852
553898
553984
554098
554430
554176
554545
554476
554651
554710
554845
554854
554884
554987
555063
555318
555320
555393
555612
555555
555676
555637
555943
556011
556272
556199
556299
556457
556471
556616
556783
557009
556975
557161
557075
557205
557230
557236
557245
557286
557371
557372
557431
557528
557489
557551
557556
557602
557961
557897
558130
557968
558186
558178
558326
558295
558404
558405
558380
558535
558450
558673
558655
558776
558834
558810
558875
559123
559116
559197
559163
559214
559230
559284
559391
559480
559496
559736
559808
559846
560192
560068
560199
560400
560425
560478
560621
560569
560798
560799
560840
560862
560938
560962
560968
561205
561256
561422
561440
561443
561446
561599
561576
561635
561754
561774
561813
561830
561904
562036
562066
562185
562207
562465
562517
562522
562586
562528
562761
562665
562772
562778
562826
562807
563088
563394
563552
563591
563705
563773
563777
564145
564019
564269
564288
564291
564525
564615
564589
564779
564822
564882
564901
564940
565044
565179
565305
565422
565437
565539
565540
565618
565778
565904
565905
565915
566101
566279
566346
566657
566534
566744
566681
566833
566797
566900
566903
566935
567082
567051
567114
567090
567135
567136
567239
567370
567373
567249
567721
567754
567795
567844
567975
567881
568067
568102
568140
568198
568230
568319
568288
568346
568444
568459
568483
568520
568689
568695
568810
568814
568903
569010
568941
569280
569035
569361
569476
569583
569500
569782
569788
569811
570066
570300
570368
570359
570455
570458
570473
570534
570605
570733
570976
570917
571317
571403
571473
571715
571927
572025
572165
572042
572200
572229
572322
572534
572660
572616
572749
572698
572821
572787
572868
572871
572952
573269
573271
573411
573615
573625
573741
573716
573792
573755
573899
573964
573976
573992
574018
573998
574200
574061
574228
574326
574521
574352
574539
574660
574665
574678
574691
574731
574735
574947
574846
575155
575212
575411
575795
575929
575899
576040
576009
576177
576074
576225
576294
576366
576436
576442
576545
576646
576709
576722
576817
576920
576962
577071
577091
577277
577135
577312
577337
577464
577374
577561
577515
577638
577624
577664
578126
578137
578281
578361
578422
578464
578542
578654
578777
578802
578974
579027
579167
579047
579547
579275
579694
579825
579864
579835
579938
580011
580035
580059
580089
580237
580223
580325
580331
580525
580547
580659
580694
580773
580824
580859
580953
581049
581109
581161
581184
581525
581655
581713
581718
581849
581760
581866
581869
582057
581961
582195
582371
582524
582571
582738
582768
582885
582897
582904
582984
582988
582951
583139
583055
583182
583196
583204
583258
583335
583319
583502
583412
583526
583541
583638
583665
583670
583742
583771
583779
583780
583877
583813
583893
584078
584226
584352
584303
584494
584601
584609
584683
584746
585009
584976
585248
585350
585283
585395
585410
585708
585694
585823
585898
586063
586231
586489
586461
586609
586608
586806
586705
586870
586822
587051
587006
587074
587171
587203
587216
587333
587240
587724
587715
587805
587758
587864
588068
588085
588114
588133
588144
588180
588192
588246
588584
588554
588685
588668
588709
588801
588928
588964
589003
589139
589180
589193
589240
589292
589295
589432
589499
589560
589736
589817
589870
589891
590024
590049
590390
590439
590547
590844
590872
590907
590915
591073
591063
591306
591105
591336
591322
591593
591476
591821
592252
592350
592442
592647
592616
592656
592728
592864
592871
593145
593173
593184
593278
593431
593463
593555
593792
593716
593986
594046
594065
594137
594148
594313
594438
594338
594453
594543
594672
594673
594768
594777
594840
594964
594972
595152
595093
595334
595306
595534
595549
595559
595885
595803
596178
596230
596307
596470
596383
596658
596673
596730
597001
597104
597144
597303
597474
597565
597505
597686
597613
597706
597750
597774
597827
597865
597885
597904
597960
597972
598031
598036
598186
598216
598248
598252
598331
598469
598588
598524
598727
598700
598889
599159
599170
599205
599292
599296
599420
599450
599616
599581
599753
599770
599773
599780
599822
599947
599993
599971
600043
600022
600236
600150
600453
600513
600558
600699
600863
600892
600941
600960
600974
601200
601204
601308
601294
601324
601395
601430
601584
601445
601621
601882
601886
601725
601997
602041
602069
602078
602250
602201
602418
602388
602506
602456
602626
602606
602968
603163
603467
603412
603566
603740
603645
603815
603971
604044
604210
604337
604352
604365
604399
604620
604661
604780
604990
604949
605010
605014
605061
605162
605319
605251
605386
605435
605462
605563
605633
606099
605833
606147
606203
606233
606269
606511
606587
606748
606622
606895
606848
606948
606992
607037
607028
607151
607136
607242
607261
607262
607383
607329
607442
607508
607588
607666
607612
607680
607860
608014
607958
608133
608194
608839
608710
608874
609019
609191
609420
609274
609452
609456
609531
609706
609750
609856
609907
610098
610060
610178
610220
610476
610304
610515
610639
610643
610818
610958
611186
611299
611317
611470
611498
611500
611548
611530
611734
611810
611801
611914
611845
612018
611951
612100
612077
612275
612264
612367
612386
612493
612510
612512
612735
612744
612959
612989
613072
613119
613125
613330
613251
613463
613434
613556
613613
613707
613856
613863
614143
614147
614360
614592
614593
614550
614614
614637
614675
614810
614791
614859
614888
614893
614943
614948
615042
615139
615144
615147
615253
615257
615324
615474
615478
615555
615615
615733
615760
615774
615908
615872
615927
615984
616072
616183
616278
616407
616363
616511
616516
616428
616554
616524
616674
616681
616594
616895
616965
616969
617162
617084
617308
617226
617347
617663
617693
617767
617832
617833
617837
617868
617869
617852
618013
617972
618212
618482
618641
618672
618701
618721
618761
618824
618919
619017
619089
619104
619139
619285
619487
619491
619547
619634
619662
619828
619935
620112
620169
620242
620193
620363
620333
620436
620485
620613
620601
620626
620647
620652
620658
620677
620795
620881
620835
621234
621246
621280
621284
621293
621312
621407
621429
621502
621620
621770
621965
621991
622008
622078
622045
622193
622111
622308
622294
622439
622474
622503
622613
622619
622731
622739
622720
622934
622967
623060
623188
623239
623392
623404
623423
623464
623556
623668
623592
623938
623898
623956
623989
624050
624008
624100
624126
624148
624404
624505
624458
624571
624645
624589
624728
624701
624892
624791
625002
625004
625098
625047
625118
625191
625367
625324
625384
625408
625476
625529
625674
625548
625879
625975
626181
626186
626235
626243
626365
626385
626475
626478
626412
626558
626628
626968
627047
627121
627359
627455
627505
627523
627532
627617
627727
627760
627994
627997
628003
627925
628056
628091
628212
628222
628257
628424
628324
628477
628621
628624
628652
628676
628854
628862
628875
629078
629021
629087
629163
629235
629453
629475
629535
629568
629589
629593
629654
629661
629663
629947
630032
630163
630119
630212
630178
630243
630265
630325
630278
630346
630355
630401
630405
630414
630471
630993
630953
631027
631057
631413
631119
631423
631445
631540
631803
632165
632186
632398
632417
632455
632474
632502
632510
632528
632536
632616
632555
632650
632666
632678
632689
632705
632825
632832
632977
633009
633006
633202
633205
633213
633238
633301
633410
633471
633527
633498
633685
633610
633768
633809
633803
633839
633867
633871
633899
633928
633998
634083
634327
634302
634541
634476
634854
634860
634679
634984
634937
635189
635093
635515
635836
635870
635929
635889
636018
635989
636073
636094
636345
636397
636760
636889
636974
637247
637118
637282
637294
637318
637459
637464
637560
637622
637744
637802
637786
637855
638044
638001
638046
638100
638115
638143
638166
638250
638183
638253
638397
638402
638653
638589
638674
638983
638987
639177
639135
639665
639352
639708
639780
639871
639961
639902
639975
640036
640050
640101
640084
640249
640367
640456
640466
640495
640529
640541
641061
640952
641194
641377
641367
641588
641438
641656
641683
641739
641758
642146
641900
642199
642324
642251
642340
642382
642518
642403
642570
642585
642691
642627
642750
642759
643017
642784
643112
643211
643454
643478
643582
643618
643754
643826
643947
643973
644061
644054
644383
644583
644592
644641
644607
644675
644708
644784
644745
644842
644845
644947
644976
645068
645178
645175
645203
645266
645357
645395
645382
645485
645520
645605
645696
645719
645747
645770
645847
645884
645892
645933
646079
645955
646127
646216
646484
646307
646664
646625
646693
646730
646820
646887
647066
647081
647179
647135
647244
647503
647530
647534
647582
647586
647646
647627
647670
647771
647804
647822
648223
648251
648432
648450
648722
648730
648878
648885
648899
648952
648998
649109
649114
649137
649223
649156
649267
649364
649458
649527
649603
649700
649703
649640
649731
649823
650032
650040
650185
650204
650219
650400
650553
650558
650542
650735
650738
650760
650792
651018
651063
651186
651184
651194
651311
651497
651369
651615
651598
651646
651651
651660
652568
652627
653033
653076
653084
653150
653183
653251
653253
653197
653378
653683
653711
653750
653871
653786
653958
653937
653977
653978
654447
654549
654730
654735
654873
654952
654925
655004
655007
655012
655089
655103
655138
655186
655281
655637
655809
655839
655847
655905
655907
655913
655933
655953
656018
656030
656092
656178
656211
656216
656437
656255
656573
656610
656701
656807
656943
657113
657091
657195
657199
657395
657231
657431
657536
657821
657903
657920
658025
658108
658091
658195
658245
658308
658346
658389
658390
658396
658419
658490
658600
658584
658614
658877
659143
659157
659201
659376
659238
659606
659547
659653
659628
659902
659821
660206
660073
660269
660371
660425
660705
660680
660779
660786
660742
660816
660915
661284
661102
661422
661503
661506
661546
661686
661569
661721
661728
661844
661900
662039
662055
662193
662109
662319
662331
662305
662500
662468
662625
662691
662799
662846
662894
662935
662906
663071
663047
663278
663414
663472
663542
663639
663657
663663
663804
663889
663992
663953
664115
664030
664217
664414
664432
664450
664525
664929
664799
665355
665643
665691
665747
665762
666063
665792
666078
666155
666217
666256
666301
666386
666503
666519
666730
666760
666859
666873
666877
667238
666942
667240
667272
667299
667331
667348
667361
667453
667399
667477
667558
667842
667637
667864
667870
667983
668078
668085
668179
668255
668410
668520
668571
668590
668816
668987
668988
668879
669098
669000
669291
669390
669367
669492
669715
669729
669783
669858
669875
669893
669897
670248
670250
670345
670519
670468
670746
670664
670754
670764
670882
670792
670894
670995
671132
671297
671513
671471
671718
671690
671862
671724
672091
672041
672189
672223
672243
672266
672477
672297
672582
672518
672664
672689
672911
672949
673017
673000
673037
673045
673063
673304
673140
673396
673582
673592
673599
673726
673656
673819
673746
673877
673841
673911
673912
673957
674022
674025
674158
674102
674182
674194
674217
674239
674315
674249
674523
674791
674896
674909
674998
675039
675077
675347
675523
675480
675684
675587
675832
675836
675806
675989
676032
676138
676152
676209
676421
676593
676643
676677
676680
676795
676732
677122
677017
677125
677131
677180
677275
677439
677475
677566
677572
677780
677806
677807
677823
677859
678035
678256
678355
678542
678547
678567
678644
678832
678843
678887
678939
679139
679041
679239
679159
679260
679311
679365
679393
679646
679660
679874
679813
679987
680074
680082
680188
680352
680252
680478
680379
680646
680600
680665
680676
680831
680823
681270
680867
681406
681438
681497
681522
681542
681545
681848
681856
681872
681884
681937
681942
682225
682180
682300
682240
682416
682483
682575
682589
682686
682763
682765
682957
683259
683061
683346
683279
683349
683399
683484
683525
683509
683571
683712
683812
683847
683993
684024
684196
684396
684560
684513
684622
684683
684705
684800
684910
684914
685046
685136
685251
685392
685500
685614
685630
685900
686037
685954
686210
686211
686318
686333
686341
686440
686367
686511
686471
687026
686707
687082
687059
687089
687212
687168
687243
687304
687641
687377
687744
687696
687833
687826
687905
687863
687995
687930
688113
688089
688134
688138
688449
688282
688566
688701
688766
688933
688844
688945
689052
689084
689142
689164
689396
689289
689861
689553
690028
690138
690161
690243
690293
690599
690603
690925
690829
691335
690990
691520
691544
691596
691781
691795
692135
691849
692334
692442
692497
692485
692618
692604
692644
692836
692988
692917
693011
693047
693338
693111
693357
693362
693420
693454
693497
693529
693614
693617
693618
693860
693904
693910
693919
693968
694001
694435
694527
694583
694905
694928
695119
695022
695183
695216
695405
695581
695582
695545
695696
696045
696059
696062
696144
696182
696186
696544
696546
696762
696664
696828
697020
697022
697039
697060
697101
697208
697280
697254
697397
697421
697434
697449
697537
697801
698261
698266
698517
698663
698808
699083
699136
699236
699320
699340
699355
699580
699602
699604
700028
700032
699703
700052
700090
700224
700299
700572
700592
700703
700660
700742
700767
700773
700872
700837
700885
700978
701094
701121
701132
701249
701390
701331
701471
701518
701723
701983
702143
702245
702396
702424
702463
702584
702542
702693
702725
702882
702739
703097
703029
703155
703115
703223
703161
703372
703403
703413
703516
703658
703816
703912
703865
704042
704057
704063
704093
704118
704206
704436
704570
704646
704710
705025
705231
705423
705514
705518
705858
705876
706110
706092
706159
706218
706222
706284
706316
706436
706362
706467
706519
706520
706578
706846
706850
707162
707221
707181
707384
707454
707637
707775
707790
707879
707934
708032
708171
708185
708297
708195
708357
708599
708645
708685
708735
708931
708968
709006
709117
709534
709696
709600
709755
709764
709845
709972
709991
710033
710059
710238
710276
710358
710426
710549
710835
710871
710931
710947
711023
710980
711115
711527
711546
711658
711666
711855
711873
711908
711917
712018
711944
712069
712134
712253
712265
712315
712398
712533
712557
712625
712757
712722
712853
712956
712971
713061
713176
713228
713376
713334
713529
713552
713616
713647
713651
713812
713685
713858
713818
713989
713884
714183
714192
714417
714425
714526
714575
714555
714869
714868
714877
714994
715041
715098
715199
715229
715260
715263
715319
715292
715374
715334
715382
715389
715574
716111
715927
716196
716163
716235
716433
716510
716536
716559
716620
716790
716793
716832
716846
716823
716905
716893
716973
717024
717042
717091
717198
717106
717314
717317
717417
717427
717447
717456
717517
717718
717752
717886
717871
718126
717967
718158
718329
718423
718367
718435
718461
718536
718747
718856
718925
719050
719126
719278
719158
719322
719386
719447
719408
719486
719648
720055
720225
720460
720451
720510
720468
720608
720625
720794
721129
721139
721222
721202
721412
721319
721688
721641
721847
721760
722183
722150
722201
722203
722280
722213
722314
722302
722334
722365
722392
722396
722548
722663
722617
722719
722787
723039
723040
722871
723209
723128
723281
723290
723427
723432
723536
723604
723623
723655
723658
723711
723742
723745
723999
723894
724023
724130
724217
724295
724466
724326
724706
724764
724785
724845
724904
724923
724947
725050
725309
725253
725451
725341
725543
725523
725670
725575
725784
726078
726084
726193
726264
726222
726342
726356
727078
727143
727229
727249
727252
727171
727342
727445
727743
727659
727755
728087
728257
728258
728285
728298
728445
728675
728747
728983
729056
729216
729531
729562
729803
729691
729987
729956
730109
730113
729991
730153
730134
730173
730244
730291
730653
730672
730808
730853
730898
730924
730930
730956
731060
731057
731073
731164
731273
731226
731408
731428
731509
731531
731889
731906
731928
731950
732031
732056
732250
732084
732306
732315
732528
732531
732515
732577
732630
732632
732652
732692
732716
732734
732817
733010
733014
733159
733117
733249
733287
733669
733369
733730
733916
733929
734142
734306
734357
734456
734484
734492
734530
734547
734658
734664
734668
734691
734771
734853
734946
734929
734990
735056
735127
735097
735281
735258
735395
735446
735465
735470
735522
735644
735586
735653
735657
735880
735990
735996
736042
736240
736056
736269
736260
736289
736344
736371
736385
736507
736677
736721
736941
736839
737317
737296
737326
737672
737781
737738
737804
737831
737835
737859
737930
738004
738008
737956
738102
738107
738213
738405
738278
738482
738614
738615
738710
738652
738776
738888
738910
738923
738925
738969
739067
739081
739131
739173
739194
739373
739288
739709
739386
739913
739991
740068
740072
740242
740135
740255
740314
740507
740443
740516
740566
740659
740744
740751
740693
740811
740822
740948
740970
740977
741029
741123
741128
741528
741428
741648
741606
741783
741797
741840
741932
742460
742149
742578
742617
742745
743075
743006
743302
743333
743353
743435
743463
743516
743758
743865
744164
743989
744322
744534
744504
744557
744615
744698
744646
744810
744896
744969
745148
745184
745202
745403
745465
745497
745566
745619
745686
745695
745718
745867
745869
745870
745973
746038
746041
746069
746118
746264
746482
746398
746707
746511
746817
746935
746956
746961
746966
747065
747064
747173
747196
747222
747388
747597
747714
747743
748026
747997
748165
748284
748313
748545
748569
748574
748713
748693
748744
748901
748923
748973
749087
749074
749219
749205
749250
749304
749316
749306
749354
749358
749643
749595
749778
749768
749812
749947
749994
750140
750378
750284
750504
750478
750520
750552
750586
750608
750686
750780
750820
750825
751016
751105
751262
751293
751301
751411
751413
751484
751536
751505
751576
751726
751702
751778
751817
752281
752241
752323
752661
752790
753070
752980
753290
753181
753305
753300
753320
753326
753352
753436
753389
753524
753488
753658
753685
753720
753812
753867
753922
753960
754043
754118
754098
754206
754220
754324
754362
754503
754435
754545
754606
754622
754810
754893
754951
755002
755014
755015
755252
755273
755277
755475
755506
755582
755583
755664
755609
755853
755817
755951
755954
756031
756037
756286
756181
756432
756375
756526
756499
756543
756544
756575
756635
756679
756659
756693
756915
756750
757137
757025
757252
757256
757287
757305
757411
757446
757579
757801
757752
757869
758185
758346
758254
758380
758497
758455
758593
758613
758637
758650
758915
758842
758922
758968
759359
759317
759385
759401
759584
759549
759834
759793
759959
759846
760034
760150
760160
760572
760584
760768
760787
760811
760802
760844
760897
760931
760946
760962
761042
761070
761115
761249
761288
761270
761449
761453
761467
761591
761687
761814
761918
761854
762134
762137
762010
762285
762308
762404
762384
762520
762470
762562
762655
762716
762732
762810
762859
762881
762909
762958
763010
763015
763024
763168
763144
763341
763362
763494
763667
763677
763688
763740
763854
763855
763913
764022
764052
764330
764548
764512
764615
764589
764627
764651
764834
764836
765154
765158
765273
765326
765328
765377
765679
765693
765742
766019
766027
766136
766137
766279
766265
766286
766304
766307
766433
766403
766496
766448
766520
767062
767166
767176
767411
767443
767493
767549
767550
767752
767800
767995
768135
768192
768212
768289
768257
768356
768386
768506
768443
768612
768588
768915
768929
768946
769084
769086
769160
769168
769178
769203
769205
769246
769347
769502
769537
769563
769657
769893
769836
769934
769917
769971
769950
770141
770096
770177
770305
770406
770352
770467
770440
770504
770607
770680
770745
770929
770891
771032
771121
771130
771261
771322
771304
771338
771343
771364
771352
771541
771373
771781
771566
771821
771932
772245
772342
772343
772346
772316
772569
772520
772682
772791
772794
772861
773103
773033
773309
773317
773404
773373
773448
773453
773431
773496
773489
773867
773750
773937
773988
773992
774073
774155
774258
774302
774355
774472
774378
774530
774610
774637
774643
774672
775041
774755
775068
775387
775508
775619
775747
775700
776100
776201
776247
776232
776267
776368
776423
776509
776512
776583
776639
776685
776837
777236
777256
777501
777462
777510
777511
777687
777728
777733
777712
777764
778240
778298
778507
778701
778669
778748
778780
778975
779092
779025
779121
779176
779231
779213
779289
779434
779636
779659
779690
779707
779708
779977
779793
780011
779988
780055
780035
780156
780291
780267
780414
780388
780505
780509
780637
780770
781014
781051
781205
781104
781322
781229
781645
781729
781706
781967
782025
782083
782058
782351
782505
782607
783090
782991
783099
783146
783173
783271
783345
783325
783369
783381
783478
783651
783734
783815
783781
783845
783992
784140
784060
784187
784345
784384
784571
784701
784731
784738
784844
784829
785080
785021
785270
785382
785670
785673
785726
785778
785871
785941
786213
786647
786651
786652
786793
786978
787036
787010
787040
787058
787183
787278
787227
787343
787297
787452
787536
787515
787677
787612
787795
787869
787906
787925
788054
788226
788241
788353
788300
788456
788567
788616
788888
789073
788894
789137
789194
789359
789549
789564
789592
789823
789829
789884
790133
789977
790234
790278
790284
790328
790330
790358
790478
790411
790548
790897
790911
790984
791003
791011
791031
791038
791039
791041
791193
791146
791276
791334
791391
791603
791652
791721
791770
791824
791831
791808
791958
792002
792136
792080
792422
792296
792462
792503
792678
792565
792774
792952
793031
793054
793146
793183
793206
793366
793470
793647
793489
793729
793699
794031
794036
793835
794248
794253
794336
794346
794542
794492
794722
794641
794803
794838
795047
795147
795096
795204
795170
795308
795220
795316
795446
795499
795526
795577
795951
795946
796071
796208
796471
796338
796496
796534
796641
796672
796875
796914
796911
796919
796942
797071
797175
797187
797234
797685
797713
797777
797795
797796
797859
797926
797988
798023
798388
798331
798504
798420
798548
798528
798734
798891
798919
799195
799206
799242
799315
799279
799373
799472
799565
799635
799646
799787
799852
799861
800354
800408
800544
800705
800714
800669
800807
800822
800877
800881
800888
800965
801041
801137
801139
801058
801251
801207
801345
801401
801463
801466
801430
801494
801489
801542
801545
801557
801608
801787
801653
801901
801994
802303
802029
802559
802483
802616
802719
802787
803180
803352
803234
803815
803778
803883
803848
803927
803899
803942
803946
804203
804002
804259
804443
804591
804601
804887
805018
805012
805036
805143
805166
805294
805301
805316
805391
805357
805407
805440
805527
805685
805686
805697
805913
805811
805991
805931
806033
806044
806045
806096
806196
806254
806224
806416
806435
806588
806591
806632
806637
806775
806791
806846
807462
807492
807537
807511
807643
807666
807886
808032
808097
808127
808321
808485
808445
808613
808632
808732
808744
808804
808977
809000
809061
809050
809101
809128
809150
809251
809460
809545
809558
809668
810013
810112
810041
810129
810148
810164
810203
810433
810633
810673
810811
810796
810860
810942
810975
810976
810992
811007
811013
811041
811057
811161
811150
811283
811368
811359
811388
811612
811624
811782
811694
811844
811882
812133
812229
812265
812414
812451
812429
812644
812563
812709
812999
813000
813085
813015
813129
813400
813335
813465
813469
813866
813968
813970
813980
814114
814520
814881
814774
814964
815011
815096
815023
815295
815156
815319
815360
815399
815411
815420
815442
815469
815477
815501
815547
815612
815964
815886
815998
816129
816151
816175
816244
816279
816328
816396
816458
816444
816498
816481
816664
816630
816711
816738
816816
816852
816828
816923
817090
817360
817105
817460
817502
817544
817579
817610
817682
817692
818123
818166
818236
818296
818283
818376
818385
818400
818452
818693
818701
818728
818723
818852
818758
819057
819134
819176
819292
819296
819411
819318
819562
819742
819685
819989
819993
819770
820012
820042
820087
820126
820182
820277
820326
820352
820390
820456
820473
820529
820673
820600
820921
820993
821174
821366
821734
821935
822021
822344
822455
822482
822676
822733
822761
822797
822896
822973
822993
823091
823119
823136
823327
823398
823512
823563
823591
823579
823730
824214
824248
824479
824484
824589
824571
824663
824877
824907
824920
824927
824930
825080
825004
825141
825142
825293
825296
825310
825494
825520
825584
825684
825858
825871
825878
825993
826124
826070
826180
826305
826315
826396
826400
826405
826365
826613
826559
826632
826662
826793
827009
827068
827152
827259
827224
827358
827385
827462
827642
827557
827682
827657
827759
827787
827939
827894
827994
828034
828221
828097
828228
828233
828238
828291
828582
828693
828965
828781
829048
829115
829186
829280
829397
829375
829408
829500
829720
829767
830007
830010
829948
830055
830049
830088
830111
830196
830276
830207
830353
830327
830687
830725
830796
830779
830988
830908
830991
831078
831356
831386
831465
831814
831862
832374
831896
832411
832397
832572
832496
832616
832693
832759
832885
832861
833087
833037
833089
833319
833407
833413
833573
833720
833640
833754
833903
833981
834037
834070
834057
834136
834404
834423
834465
834646
834587
834718
834698
835057
835093
835107
835157
835174
835175
835542
835363
835590
835576
835602
835671
835790
835799
835876
836073
836181
836191
836198
836450
836331
836475
836481
836729
836735
836883
836772
837001
837168
837137
837215
837296
837416
837405
837552
837437
837643
837647
837657
837692
837783
837795
838056
837995
838080
838126
838142
838199
838283
838248
838313
838343
838401
838443
838531
838478
838557
838575
838617
838601
838634
838647
838682
838693
838945
838960
838964
839250
839328
839489
839475
839588
839632
839663
839899
840066
840019
840178
840203
840357
840422
840533
840534
840540
840545
840581
840657
840826
840864
841010
841133
841137
841224
841184
841353
841627
841689
841657
841734
841716
841786
841947
841805
842015
842022
842156
842158
842369
842373
842384
842448
842484
842492
842543
842570
842627
842658
842700
842732
842735
842826
842803
843285
843349
843374
843422
843428
843839
843870
843903
843987
844051
843999
844136
844128
844371
844462
844508
844479
844613
844802
844644
845058
845084
845092
845210
845181
845243
845383
845391
845435
845454
845605
845921
845926
845994
846214
846074
846222
846246
846334
846338
846448
846392
846451
846472
846527
846689
846631
846693
846708
847279
847040
847607
847451
847622
847691
847839
847761
847949
848066
848093
848219
848418
848758
848951
849009
849021
849047
849169
849143
849368
849296
849457
849481
849488
849744
849531
849774
849810
850014
849885
850108
850100
850160
850207
850348
850648
850612
850675
850677
850823
850739
850860
850863
850907
851000
851070
851206
851307
851456
851331
851757
851810
851821
852104
852079
852265
852238
852303
852373
852832
852589
852852
852963
853251
853306
853290
853331
853444
853662
853785
854128
853851
854206
854472
854374
854539
854517
854660
854929
854941
854994
855052
855072
855199
855377
855426
855487
855585
855670
855834
855783
855954
855962
856054
855985
856130
856201
856253
856276
856283
856353
856364
856452
856685
856737
856777
856796
856921
856810
856940
856952
857002
856956
857224
857246
857237
857324
857325
857400
857375
857453
857518
857642
857777
857799
858142
857942
858291
858343
858456
858598
858706
859113
858878
859114
859284
859296
859409
859314
859421
859422
859469
859543
859601
859624
859785
859735
859802
859867
859871
859904
859910
859931
859944
859986
860075
860076
860323
860540
860688
860598
860878
860793
861266
861399
861298
861573
861461
861751
861684
861855
861889
862405
862409
862291
862583
862488
862770
862962
862968
863170
863325
863407
863603
863703
863902
863978
864039
864127
864157
864477
864573
864728
864764
865088
864997
865194
865102
865514
865382
865574
865612
865838
865974
865975
865982
866110
866233
866214
866288
866399
866502
866505
866558
866622
866668
866671
866814
866931
866962
867042
867012
867216
867127
867218
867349
867597
867605
867624
867659
867792
867771
867879
868023
868302
868364
868330
868409
868401
868442
868450
868536
868843
869170
869268
869457
869304
869616
869491
869658
869734
869778
869835
869948
869964
870063
870089
870318
870475
870531
870561
870662
870971
871258
871412
871444
871537
871529
871569
871588
871618
871622
871735
871748
871838
871845
872094
872176
872145
872412
872232
872484
872460
872714
872796
872776
872828
872855
872878
872882
873024
873091
873064
873184
873185
873215
873530
873574
873542
873646
873759
873792
873880
873981
873982
874002
874163
874220
874447
874459
874463
874819
874706
874935
874920
875191
875359
875212
875366
875393
875397
875434
875515
875630
875746
875838
875976
876153
876131
876244
876225
876257
876295
876300
876326
876464
876345
876556
876566
876713
876635
876805
876739
876914
877110
877225
877498
877526
877733
877862
877864
877913
878006
878206
878405
878293
878481
878829
878833
878592
878868
878854
878938
878900
879244
879095
879292
879286
879304
879470
879479
879491
879527
879593
879639
879660
879663
879668
879896
879972
880285
880299
880296
880372
880679
880788
880791
880862
880831
881141
880883
881162
881175
881219
881249
881336
881454
881519
881619
881738
881680
881761
882244
882239
882803
882937
883084
883072
883278
883146
883432
883559
883528
883752
883757
883833
883853
883864
883878
883936
883975
884322
884461
884505
884651
884604
884682
884922
885304
885177
885406
885580
885718
885702
885764
885775
885846
886367
886401
886443
886468
887203
887249
887221
887410
887284
887446
887453
887588
887713
887678
887927
888279
888387
888394
888488
888411
888881
888505
889186
889090
889235
889238
889494
889585
890007
889681
890041
890342
890266
890445
890352
890524
890543
890581
890863
890893
890976
891015
891108
891063
891162
891374
891396
891526
891540
891673
891651
891727
891835
891881
892165
892191
892221
892232
892240
892458
892450
892557
892573
892850
893113
893116
893183
893194
893390
893622
893564
893725
893666
893965
893990
894193
894443
894506
894555
894556
894918
894735
895190
895287
895494
895662
895682
895914
895792
896037
896062
896123
896176
896182
896299
896348
896420
896426
896429
896612
896529
896658
896649
896768
896793
896919
897007
897122
897048
897123
897311
897309
897328
897679
897739
897731
897852
898503
898307
898650
898835
898658
899007
899163
899084
899288
899328
899691
899635
899718
899788
899729
899804
900010
900040
900025
900416
900364
900613
900436
900652
900813
900839
900976
901044
901049
901236
901241
901064
901314
901283
901392
901642
901729
902231
902240
902303
902373
902374
902384
902409
902550
902639
902597
902644
902740
902831
902837
902914
902903
903100
903231
903216
903308
903414
903583
903591
903683
903836
903824
904049
904332
904346
904410
904493
904498
904501
904562
904579
904646
904779
905115
905120
905222
905156
905418
905290
905482
905657
905788
905695
905796
906003
906106
906133
906522
906162
906542
906560
906561
906694
906646
906876
907182
907158
907408
907466
907491
907646
907633
907666
907684
907705
907753
907948
907952
908015
908130
908145
908149
908533
908714
908736
908839
908849
909014
909041
909044
909092
909165
909181
909254
909617
909647
909806
909757
910007
909883
910045
910055
910100
910216
910262
910358
910295
910367
910480
910488
910842
910843
910678
910952
910971
911001
911219
911489
911554
911533
911676
911608
911728
911711
911732
911866
911847
911889
912121
912128
912332
912247
912447
912599
912699
912804
912993
913005
913175
913093
913218
913297
913333
913432
913526
913542
913746
914004
914167
914112
914192
914283
914251
914490
914553
914565
914620
914751
915066
915076
915169
915201
915247
915291
915382
915448
915420
915718
915503
915823
915806
916178
916014
916537
916540
916675
916663
916687
916702
916707
916750
917262
917461
917395
917504
917567
917638
917610
917751
917708
917819
917925
917945
917947
918071
918217
918079
918232
918363
918428
918515
918640
918768
918846
918975
918990
919026
919076
919346
919136
919581
920073
920146
920317
920324
920401
920398
920417
920673
920518
920675
920832
921059
920970
921158
921240
921294
921479
921565
921802
921932
921967
922193
922211
922332
922249
922337
922410
922414
922586
922668
922681
922685
922850
922907
922894
923099
923151
923116
923237
923231
923351
923353
923366
923984
924177
924187
924256
924395
924355
924441
924439
924560
924647
924662
924664
924668
924754
924787
924994
924995
925453
925460
925150
925570
925500
925744
925710
925893
925978
925966
926314
926025
926361
926371
926627
926761
926941
926844
926999
927216
927084
927400
927306
927452
927476
927676
927735
928242
928261
928317
928388
928550
928553
928480
928899
928920
928965
929162
929171
929242
929257
929384
929331
929453
929425
929643
929645
929724
929742
929815
929826
929837
929920
930021
930024
930052
930190
930211
930294
930288
930358
930492
930517
930666
930700
930960
931009
931120
931112
931240
931209
931266
931345
931428
931396
931587
931629
931632
931720
931648
931865
932025
932174
932325
932579
932353
932805
932835
933035
933356
933422
933479
933506
933580
933541
933809
933681
933881
933886
934025
934029
934099
934142
934166
934212
934350
934407
934478
934440
934527
934738
935138
935123
935428
935525
935680
935713
935735
936114
936155
936134
936283
936288
936400
936416
936456
936756
936915
936988
937073
937310
937569
937441
937685
937749
938046
938409
938498
938563
938765
938769
939051
938956
939052
939059
939150
939094
939247
939586
939532
939725
939851
939984
939963
940024
940123
940158
940260
940171
940395
940400
940588
940893
940903
940909
940930
941012
941156
941074
941580
941625
941697
941771
942545
942607
942617
942714
942649
942736
942741
942891
943094
943184
943175
943335
943251
943461
943465
943446
943525
943588
944036
944039
944122
944158
944259
944509
944547
944543
945058
944775
945472
945525
945505
945622
945730
945734
945980
945992
946483
946484
946209
946541
946702
946881
946884
946834
947543
946963
947678
947647
947741
947921
947922
947970
948222
948226
948536
948486
948678
948789
948836
949121
949347
949388
949545
949449
949800
949809
950120
950327
950458
950469
950484
950531
950587
950649
951056
951096
951382
951168
951529
951468
951668
951651
951710
951790
951831
951839
951876
951977
952025
952117
952205
952451
952504
952468
952507
952572
952638
952770
952694
953022
953212
953247
953301
953302
953308
953420
953421
953525
953976
954090
954001
954137
954110
954257
954262
954456
954381
954555
954716
954661
954720
955246
955328
955397
955749
955783
955817
955969
956006
955994
956267
956240
956503
956812
956967
957560
957556
957908
957909
957911
957882
957985
958057
958185
958459
958554
958613
958607
958827
958919
958933
959115
959190
959249
959444
959575
959613
959816
959887
960142
960138
960240
960551
960702
960803
961041
960870
961116
961194
961195
961245
961855
961938
961967
962029
962037
962312
962429
962609
962629
962926
962765
962955
963035
963074
963194
963372
963462
963897
963638
963965
964270
964325
964322
964393
964338
964443
964407
964582
964543
964702
964711
964891
964942
964969
965597
965622
965728
965934
965968
966195
966337
966519
966578
966587
967055
966900
967244
967523
967316
967530
967934
968095
968014
968200
968569
968685
968680
968879
968792
968978
969015
969006
969028
969271
969386
969553
969596
969580
969671
969818
969841
969854
969880
970139
970180
970182
970190
970240
970408
970485
970692
970708
970741
970841
970966
971064
971034
971144
971158
971204
971181
971292
971296
971422
971434
971580
971595
971606
971684
971745
971931
971932
971937
971797
972166
972574
972655
972694
973143
972981
973156
973399
973400
973802
973414
973849
973941
973942
974107
974390
974438
974430
974503
974528
974662
974590
974783
975331
974791
975645
975805
975825
975846
975907
975897
975963
976096
976241
976936
976819
976977
976992
977033
977068
977076
977397
977644
977838
977839
977921
977902
978021
978339
978599
978813
978774
979066
979091
979144
979321
979503
979549
979797
980012
980013
980087
980279
980363
980365
980509
980549
980562
980646
980670
980675
980775
981059
980932
981341
981219
981397
981390
981403
981531
981569
981852
981868
982310
982239
982410
982830
982852
982921
983008
983041
983185
983492
983861
983877
983941
983948
983981
984290
984401
984725
984591
984940
985059
985374
985465
985582
985757
985912
985914
986015
986320
986598
986765
986948
986912
987099
987102
987158
987191
987236
987361
987397
987723
988473
988494
988714
988850
988854
988858
988784
989025
989601
989359
989652
990043
990226
990633
990414
990755
990798
990782
991038
991018
991204
991244
991294
991260
991312
991459
991532
991791
992290
992412
992414
992561
992643
992716
992805
992822
992944
993317
993454
993473
993526
993743
993749
993791
993906
994114
994169
994523
994212
994896
994777
995055
995084
995137
995099
995263
995469
996008
996074
996096
996643
996665
996656
997415
997427
997514
997567
997823
998173
998340
998522
998532
998556
998565
998592
998595
998609
998821
998974
999191
999349
999433
999505
999487
999612
999707
999838
999989
1000258
1000047
1000836
1001078
1001286
1001122
1001363
1001450
1001410
1001608
1002013
1002191
1002202
1002219
1002345
1002360
1002566
1002600
1002910
1003004
1003175
1003296
1003243
1003394
1003375
1003404
1003509
1003959
1004034
1004065
1004129
1004362
1004715
1004718
1004656
1004722
1004823
1004800
1004889
1005172
1005250
1005417
1005470
1005899
1005851
1006038
1005994
1006260
1006264
1006551
1006470
1006645
1006650
1006841
1006848
1006939
1007198
1007407
1007410
1007687
1007751
1007720
1007975
1008252
1008438
1008506
1008727
1008544
1008765
1008770
1008788
1009004
1009481
1009656
1009739
1009752
1009779
1009876
1010146
1010148
1010150
1010176
1010223
1010255
1010997
1011005
1011356
1011431
1011504
1011560
1011564
1012032
1011886
1012039
1012145
1012247
1012389
1012827
1012858
1013299
1013168
1013390
1013599
1013603
1013847
1013745
1013884
1014199
1014133
1014652
1014470
1015054
1015627
1015828
1015797
1016524
1016648
1016779
1016894
1017081
1017096
1017126
1017130
1017203
1017300
1017343
1017578
1017587
1017612
1018404
1018407
1018583
1018661
1019039
1019147
1019308
1019311
1019297
1019515
1019569
1019686
1019679
1019899
1019933
1019994
1019968
1020286
1020209
1020355
1020443
1020497
1020913
1020943
1020944
1021003
1021061
1021291
1021330
1021339
1021406
1021439
1021730
1022186
1021994
1022362
1022365
1022641
1022761
1023061
1023042
1023094
1023186
1023188
1023208
1023234
1023404
1023407
1023372
1023492
1023497
1023450
1023502
1023507
1023539
1023573
1023637
1023617
1023737
1024019
1023801
1024257
1024264
1024870
1024382
1024892
1024925
1025052
1025212
1025307
1025242
1025365
1025316
1025482
1025644
1025829
1026144
1026126
1026399
1026259
1026468
1026448
1026530
1026524
1026751
1026742
1026777
1026854
1027045
1027255
1027086
1027399
1027329
1027440
1027618
1027849
1027824
1027852
1028068
1028100
1028171
1028179
1028358
1028239
1028541
1028622
1028782
1028856
1029018
1029129
1029140
1029161
1029176
1029294
1029295
1029626
1029845
1029795
